1247192
1244902
1246598
1245540
1245049
1247008
1245157
1245131
1245105
1245221
1245177
1246650
1246657
1246656
1246725
1246726
1246723
1246741
1244995
1246083
1246084
1246160
1246161
1246952
1245896
1245897
1245898
1246953
1246052
1246053
1245804
1245805
1245806
1245987
1245337
1246024
1246025
1246026
1246176
1245062
1244975
1246763
1244989
1246171
1245688
1245671
1245154
1245674
1245661
1245123
1245698
1245382
1245114
1246569
1247101
1245151
1244903
1245665
1245275
1244943
1244904
1244901
1245668
1246587
1245910
1245662
1244927
1244877
1247201
1247202
1247200
1244900
1245212
1245213
1244919
1244918
1244864
1244865
1244931
1245601
1244879
1244870
1245044
1246577
1247227
1245852
1246862
1246865
1246457
1247053
1246473
1245995
1246001
1246140
1246142
1247134
1246964
1246120
1246154
1245122
1245280
1244871
1244898
1246965
1245958
1245292
1245306
1247230
1245307
1247231
1245315
1245318
1246839
1246644
1246488
1245428
1245430
1245444
1245429
1245432
1245431
1245427
1245433
1245803
1245639
1245525
1245730
1246902
1246273
1246210
1246211
1246401
1246402
1246275
1246293
1246295
1246277
1246291
1246289
1246274
1246294
1246276
1246292
1246287
1246290
1246288
1246311
1245779
1246928
1246929
1246930
1246917
1246910
1245132
1245507
1246615
1246565
1246866
1246125
1244905
1244868
1246745
1247168
1246328
1246345
1246333
1246350
1246339
1246357
1246340
1246358
1245053
1246459
1245812
1245814
1245494
1245714
1247324
1246810
1246566
1246731
1246055
1246079
1246730
1246733
1246512
1246695
1245218
1245711
1245163
1246967
1245108
1246533
1245771
1245054
1246472
1245302
1245546
1245746
1245109
1246969
1245039
1245539
1245544
1244970
1245101
1245106
1245041
1245518
1245773
1246684
1245178
1246919
1246667
1246672
1246673
1246856
1246342
1246367
1245496
1245728
1245729
1245557
1245723
1245721
1246779
1245536
1245342
1245354
1245356
1245350
1245357
1245362
1245343
1245347
1245344
1245349
1245353
1245371
1245348
1245341
1245363
1245345
1245346
1246590
1246362
1246426
1246397
1245993
1245981
1245977
1245979
1245383
1245743
1246812
1246863
1246811
1246857
1247132
1247124
1246414
1246415
1246416
1246387
1246404
1245656
1245928
1245929
1245930
1245940
1245941
1245942
1245931
1245932
1245933
1245934
1245935
1245936
1245945
1245949
1245925
1245946
1245947
1245948
1245943
1245944
1245937
1245938
1245939
1245515
1245961
1245962
1246090
1246098
1246261
1246453
1246454
1244992
1246156
1246651
1246803
1246649
1246567
1246127
1246573
1246729
1245744
1245204
1245214
1245325
1245331
1245706
1245296
1245768
1246966
1246658
1246654
1245270
1246536
1245202
1245634
1246184
1245707
1246701
1246331
1246348
1245189
1246167
1245602
1245075
1245506
1246561
1246971
1246018
1245716
1245289
1246640
1246818
1246568
1245248
1246625
1246384
1245226
1245994
1245982
1246158
1246030
1246117
1246145
1244863
1244998
1246999
1245149
1246689
1246495
1246503
1246483
1245811
1246693
1245660
1246612
1246562
1246563
1246690
1245508
1245658
1244977
1245179
1244984
1245023
1245545
1244873
1244913
1244872
1245148
1246717
1245035
1245141
1245120
1245646
1245135
1245136
1246029
1245147
1245517
1245124
1245667
1245121
1245996
1246002
1245186
1244971
1246642
1246774
1245691
1246702
1245701
1245693
1245694
1246056
1246057
1246513
1246664
1246869
1246474
1245913
1246806
1246807
1246685
1246686
1246808
1246058
1246082
1245971
1246687
1246629
1246683
1245227
1245554
1245392
1245117
1245749
1247218
1245043
1245295
1247238
1245750
1245751
1245377
1245378
1245384
1245386
1245393
1245376
1247237
1245754
1245379
1246777
1246867
1245748
1245283
1245143
1246448
1247040
1245760
1245205
1245206
1247000
1245758
1245759
1247350
1247010
1246669
1245387
1246449
1245150
1245747
1245164
1245388
1245391
1245203
1245367
1245024
1245256
1245032
1245281
1245249
1245397
1245390
1246771
1246868
1246564
1245171
1247060
1245070
1246097
1246096
1244944
1246035
1246060
1246136
1246139
1246118
1246135
1246138
1246087
1246091
1247187
1246939
1247188
1246935
1247182
1247329
1246932
1246938
1247189
1246936
1246937
1247181
1246889
1246890
1247185
1246891
1246892
1246893
1246894
1246325
1247179
1245274
1245050
1246496
1246688
1246801
1247215
1246614
1245051
1246584
1245235
1246974
1246583
1246648
1246998
1245113
1245197
1246842
1246840
1246594
1246515
1245045
1246843
1246758
1247344
1245753
1245187
1245137
1246783
1246627
1246144
1246391
1246354
1246400
1246786
1246845
1246784
1246785
1247131
1245309
1245322
1245310
1247114
1247079
1247095
1247097
1245533
1245450
1245311
1245312
1247094
1247092
1247138
1247139
1247140
1247088
1247080
1245195
1245276
1247294
1247295
1246045
1245538
1245608
1247045
1246739
1245065
1245267
1244895
1244896
1244897
1244939
1244940
1245762
1245293
1244951
1244955
1244875
1244867
1244947
1245967
1245905
1246151
1245080
1245502
1246421
1245004
1246225
1246226
1247337
1246886
1246549
1246834
1246887
1245398
1245399
1245401
1245423
1245424
1245406
1245425
1245005
1245473
1247015
1245332
1245333
1245334
1245409
1244934
1245426
1245006
1245400
1245405
1245407
1244928
1244929
1245404
1245403
1244930
1245402
1246259
1245802
1245468
1245470
1244957
1245472
1246676
1245741
1247058
1246062
1246106
1245279
1244883
1244884
1245129
1246248
1245156
1244882
1245709
1247321
1247083
1247152
1247153
1246462
1245104
1245128
1245389
1244969
1245775
1245188
1244967
1244976
1244980
1244972
1245417
1246545
1245076
1245522
1246752
1247197
1246476
1247159
1245715
1246417
1246470
1246501
1246489
1246516
1246477
1246670
1245696
1246716
1245553
1246704
1245703
1245564
1245552
1244860
1246021
1246715
1246586
1245960
1245019
1246085
1245413
1246475
1244907
1244908
1246124
1246126
1245997
1246004
1246077
1246078
1245074
1247103
1245364
1246958
1246960
1245988
1245669
1245663
1246585
1246746
1244866
1245011
1245772
1244965
1245127
1245158
1245161
1245155
1245655
1245130
1245119
1245319
1247228
1245313
1245316
1245125
1245697
1246183
1246015
1245690
1245140
1246103
1246104
1246105
1245504
1247007
1245369
1245190
1246826
1245471
1246221
1245918
1246186
1245613
1246230
1245926
1246432
1246433
1246371
1246372
1247137
1247127
1247126
1247136
1245567
1246334
1246351
1246337
1244964
1244963
1246705
1246764
1246762
1246975
1245594
1245570
1245597
1245587
1245592
1245595
1245596
1245571
1245588
1245574
1245589
1245572
1245778
1245586
1245582
1245593
1245598
1245580
1245584
1245581
1245590
1245583
1245591
1245565
1245599
1245575
1245576
1245577
1245578
1245573
1245579
1245585
1245285
1245297
1245194
1247171
1246799
1246322
1245633
1247120
1247125
1247115
1247116
1246976
1245973
1245033
1245738
1245972
1246977
1245630
1245635
1245619
1245632
1245629
1245628
1247044
1246450
1245627
1246823
1246326
1246343
1246332
1246349
1246338
1246356
1245955
1246168
1246172
1246770
1246576
1244909
1245850
1245555
1245851
1246540
1245548
1246527
1246329
1245073
1246346
1247046
1246148
1246482
1246502
1246514
1246330
1246347
1245680
1245550
1247320
1246700
1246678
1246750
1246182
1246165
1245031
1245605
1245560
1247085
1246677
1246588
1246544
1246038
1245532
1245118
1246406
1246452
1246737
1245268
1245922
1246173
1245719
1244861
1246736
1244910
1246661
1244878
1245037
1245107
1245020
1245102
1245146
1245727
1245756
1245040
1246033
1246978
1246760
1245645
1244997
1245644
1245380
1245112
1246613
1246653
1245375
1246581
1247165
1246652
1245152
1245165
1245304
1247229
1245314
1245317
1245100
1245510
1245029
1245512
1245537
1245542
1245173
1245610
1245523
1244986
1245672
1245116
1246169
1245705
1245569
1245612
1245528
1245172
1245240
1245909
1245079
1245653
1245654
1245651
1245652
1245649
1245650
1245611
1245511
1245191
1245192
1245066
1244920
1245520
1246909
1247012
1245689
1245606
1246570
1246601
1245447
1246907
1247210
1246437
1245503
1245443
1246214
1246215
1246216
1246217
1246305
1246306
1245442
1246491
1246500
1246232
1246233
1247207
1245618
1246019
1246697
1246517
1246518
1247250
1246121
1246535
1245262
1245254
1245251
1245261
1245263
1245266
1245335
1245217
1245809
1245328
1246114
1245683
1246666
1246979
1246674
1245159
1245543
1246129
1246130
1246665
1245684
1245175
1245699
1246059
1246624
1245770
1245047
1245616
1246063
1246112
1245903
1246152
1245034
1245643
1245685
1246663
1245368
1246655
1247156
1247157
1245902
1246034
1245670
1246698
1246955
1246954
1245675
1245990
1245998
1245989
1245906
1246722
1245222
1245223
1245916
1245901
1245986
1245992
1245999
1245991
1245907
1245046
1245733
1246064
1246137
1247216
1246793
1245291
1245126
1245142
1246972
1247118
1247119
1244988
1246368
1246395
1246396
1246369
1245556
1246980
1245664
1246471
1246497
1246769
1246574
1246520
1246519
1247158
1245228
1245410
1245411
1245412
1244948
1246878
1246780
1246927
1246782
1245077
1246150
1245708
1246790
1246858
1246611
1245745
1246637
1246788
1246366
1246394
1246377
1246392
1246378
1246393
1245687
1245757
1246981
1246753
1244911
1245686
1244979
1246707
1245541
1245561
1246175
1245326
1244974
1246100
1246906
1246732
1245551
1245535
1245566
1245547
1245516
1246719
1245739
1245298
1246819
1245954
1245264
1245766
1246671
1245765
1245260
1245761
1246831
1246864
1246982
1246413
1246411
1245615
1246529
1246923
1246983
1246924
1246925
1246911
1246926
1245358
1246809
1245457
1245467
1247195
1246796
1246870
1245056
1245060
1245064
1245069
1245048
1245015
1244892
1244893
1244935
1244936
1244894
1244937
1244938
1245257
1246043
1245920
1244987
1245160
1245162
1245153
1245134
1245115
1246757
1245245
1246647
1246157
1245220
1246481
1245676
1245224
1245198
1245236
1245238
1245010
1244885
1246710
1245225
1245229
1246692
1246899
1246494
1246191
1246204
1246918
1245782
1246267
1246268
1246947
1246948
1246022
1245790
1245791
1245478
1245479
1246270
1246266
1246282
1245780
1245786
1246304
1245787
1246251
1245783
1245631
1246250
1247166
1246531
1246532
1246269
1246278
1246281
1246263
1245794
1246264
1246205
1245524
1246920
1246921
1246912
1245781
1246209
1245258
1245259
1245764
1246041
1245009
1245057
1245250
1247084
1246040
1244990
1245252
1246641
1246984
1246846
1246691
1245617
1246110
1246089
1245497
1247090
1246465
1246554
1246558
1246631
1245722
1246557
1246991
1246427
1245976
1245978
1245085
1245086
1245087
1245088
1245089
1245095
1245055
1245059
1245068
1245063
1246703
1245277
1245013
1244888
1244890
1244917
1244889
1244891
1244924
1244933
1245271
1244968
1245042
1246708
1245521
1245509
1246461
1246735
1246916
1246218
1246219
1246220
1246307
1246308
1246258
1246227
1245449
1245416
1245414
1245415
1247225
1245919
1246913
1246915
1246914
1246931
1247246
1244915
1246109
1245530
1245531
1246376
1246504
1246360
1246363
1246359
1246341
1247340
1246623
1246792
1246820
1245767
1247293
1247296
1245394
1246805
1245604
1246985
1246822
1245505
1245966
1245968
1246119
1246848
1246373
1246386
1244973
1244983
1246804
1246101
1246390
1247342
1246374
1246855
1246798
1246643
1247325
1245025
1245052
1245176
1245290
1245288
1245286
1247241
1247242
1247243
1245777
1245529
1246636
1247234
1247326
1245849
1246032
1245983
1246031
1245169
1245008
1245959
1246170
1246017
1246141
1245514
1246177
1246020
1246609
1246602
1246605
1246616
1246617
1246618
1246467
1246478
1246479
1246881
1246883
1246551
1246882
1246524
1246552
1246879
1246880
1246525
1246728
1244958
1244994
1244961
1244993
1245352
1245355
1245351
1244962
1244960
1244959
1245168
1245308
1245278
1246580
1246595
1246592
1246593
1245923
1245924
1245927
1246765
1246766
1246429
1247164
1246424
1246430
1246260
1246388
1246094
1245692
1245732
1246709
1246166
1246888
1246115
1246132
1246133
1246102
1246720
1246859
1246486
1246466
1246480
1246548
1246633
1246646
1246526
1246744
1246505
1245624
1246487
1246987
1246521
1246645
1246490
1246522
1245072
1245299
1246988
1247204
1246706
1246528
1245300
1246506
1245642
1246498
1246054
1246076
1246469
1246499
1246389
1245026
1246008
1246468
1245970
1245301
1246530
1246989
1245067
1245303
1244981
1246355
1246578
1246409
1245620
1246456
1246011
1245678
1245817
1246464
1247128
1246116
1246113
1246174
1246061
1246036
1247211
1246435
1246895
1246896
1246336
1246353
1246699
1245700
1245374
1245021
1245255
1245234
1244874
1245495
1245724
1245726
1245725
1245242
1245241
1245549
1245603
1245666
1247240
1245272
1245321
1245180
1245330
1245282
1247151
1247205
1246714
1246759
1246747
1246553
1245030
1246159
1246951
1245145
1246049
1246073
1246051
1246074
1246050
1246075
1245752
1245366
1246681
1246682
1247009
1245061
1246621
1245012
1245110
1245323
1245657
1245647
1246455
1246066
1246131
1246108
1246696
1246534
1246128
1246134
1246111
1245950
1245956
1246095
1246093
1245681
1245621
1245682
1245637
1245713
1245246
1245247
1245559
1245677
1245679
1245071
1245702
1245174
1247049
1245980
1244932
1245969
1247054
1245294
1244862
1244887
1246555
1244982
1244966
1244869
1245448
1245359
1245408
1246949
1245863
1245862
1245853
1245868
1245854
1246207
1245865
1245857
1246206
1245866
1246212
1245855
1245856
1245858
1245859
1245860
1245861
1245867
1246800
1245385
1247006
1245640
1245810
1245534
1245563
1245742
1245600
1246027
1246738
1246403
1246419
1246410
1247169
1245558
1246013
1246571
1246572
1245421
1245422
1245419
1245820
1245891
1245890
1245846
1245828
1246005
1245829
1245822
1245830
1245823
1245831
1245888
1247345
1246198
1246192
1246199
1246193
1245847
1245837
1245848
1245893
1245838
1245836
1245874
1245875
1245876
1245877
1245870
1245871
1245872
1245873
1245882
1245883
1245884
1245885
1245878
1245879
1245880
1245881
1245834
1245824
1245835
1245825
1246202
1246196
1246203
1246197
1245827
1245889
1245839
1245840
1245845
1245841
1245842
1245892
1245843
1245886
1245832
1245826
1245833
1245821
1245844
1245819
1245887
1247167
1244880
1245207
1245215
1246830
1244923
1245917
1245921
1246908
1245084
1245097
1246607
1246591
1246608
1246986
1246610
1246181
1246638
1246885
1246550
1246679
1245138
1245139
1245181
1245182
1247334
1247335
1244942
1246000
1246065
1246821
1246837
1246603
1246814
1246860
1246493
1246815
1246872
1246795
1246873
1246626
1246851
1246827
1246619
1246844
1246492
1246992
1246849
1246828
1246606
1246816
1246874
1246772
1246835
1246597
1246622
1246829
1246838
1246579
1246850
1246324
1246900
1246901
1247186
1247183
1247180
1246660
1246399
1244952
1244954
1245396
1244956
1244953
1246300
1246162
1246247
1245527
1246754
1246794
1246990
1246876
1246854
1246662
1246523
1246067
1246068
1246871
1245170
1245774
1245284
1245609
1246802
1245562
1245636
1246463
1246365
1244914
1245244
1245096
1245098
1245090
1245091
1245092
1245081
1245082
1246997
1245094
1246301
1246302
1245243
1245093
1245083
1245103
1245237
1246069
1246086
1247333
1245372
1245480
1245481
1245482
1245483
1247082
1245002
1245230
1245233
1245231
1245232
1245327
1245001
1245099
1246824
1246039
1245957
1245953
1245951
1247217
1246825
1244999
1246694
1246861
1245869
1245395
1245963
1246009
1246185
1246010
1246014
1245816
1245895
1246012
1245900
1246959
1246961
1245904
1246080
1246546
1245704
1247178
1244978
1244985
1246016
1246853
1246485
1246236
1246237
1246190
1245808
1245899
1245813
1245807
1245815
1246370
1246993
1245975
1246675
1245361
1246398
1247133
1247078
1247122
1247121
1247155
1245648
1247172
1246361
1246364
1246407
1245740
1247196
1245625
1245614
1245360
1245763
1245058
1245016
1246727
1245028
1245373
1246832
1246833
1246817
1246875
1246559
1246668
1246589
1245370
1245273
1245253
1246556
1246639
1246620
1246632
1245265
1245769
1246599
1245712
1245183
1246028
1246153
1246164
1244899
1246956
1245239
1244912
1245193
1245184
1245381
1246023
1246724
1245196
1245000
1245964
1245965
1244922
1245469
1246222
1246223
1246309
1246310
1246228
1246229
1247086
1246596
1245623
1245201
1245210
1245007
1245216
1245209
1245200
1245211
1245219
1246994
1246458
1245974
1246751
1245185
1245144
1245324
1245208
1246335
1246352
1247048
1247109
1247108
1246381
1246383
1246412
1246379
1246382
1246380
1245638
1245500
1245498
1245501
1245499
1246180
1245731
1245717
1245718
1245320
1244881
1245734
1245735
1246781
1246071
1246072
1246659
1247154
1246721
1246743
1246507
1246508
1246538
1246711
1245133
1244996
1245078
1246734
1246877
1247032
1246712
1245036
1246630
1246006
1246007
1246542
1246107
1246742
1245818
1246543
1245568
1246155
1246898
1246327
1246344
1246425
1246813
1246440
1246436
1245465
1245792
1246439
1245452
1246284
1245453
1245461
1245454
1246279
1246303
1245455
1245456
1245789
1245463
1245464
1245795
1245796
1245788
1245798
1245799
1245466
1245458
1246283
1246252
1246242
1246903
1246904
1246905
1245784
1245459
1246423
1246408
1246418
1245460
1245462
1245797
1246213
1245793
1246280
1247102
1246922
1246224
1246511
1246547
1246713
1245287
1247266
1245513
1245329
1245984
1244921
1244946
1244926
1245985
1245659
1247212
1246431
1246441
1246634
1246635
1246761
1246748
1245336
1246539
1245710
1246451
1246088
1246092
1246749
1246037
1247322
1245952
1246778
1245673
1245199
1245720
1245519
1246600
1246582
1246996
1245755
1246680
1246797
1245908
1245911
1245912
1245914
1245915
1246099
1246143
1246163
1246179
1247073
1247170
1246422
1245022
1245014
1246420
1247163
1247075
1247194
